 100 253 247 151
 101 254 244  84
 102 253 242   0
Yell 253 242   0
 103 220 203   1
 104 192 180   0
 105 148 139   0

 106 255 245 103
 107 254 244  84
 108 253 242   0
 119 255 224  27
 110 243 206  30
 111 196 167   3
 112 174 148   1

 113 254 232 110
 114 255 230 103
 115 253 226  83
 116 255 213  31
 117 221 179   7
 118 195 158   8
 119 147 126   1

 120 254 234 137
 121 255 227 109
 122 255 208  70
 123 252 184  39
 124 238 179  17
 125 194 151  10
 126 179 139   7

1205 254 251 200
1215 254 234 163
1225 255 216 125
1235 254 191  86
1245 212 160  15
1255 179 136   8
1265 145 108   2

 127 255 233 148
 128 255 227 118
 129 255 214  90
 130 254 191  18
 131 234 176  17
 132 187 145   7
 133 137 111   1

 134 254 230 160
 135 255 209 123
 136 253 189  79
 137 252 177  49
 138 252 169  41
 139 197 137  17
 140 135 101   1

1345 255 223 152
1355 255 207 131
1365 253 184  80
1375 251 171  84
1385 228 141  26
1395 168 108  10
1405 115  78   0

 141 255 223 152
 142 255 198  88
 143 255 184  70
 144 248 152  29
 145 228 141  26
 146 177 121  12
 147 110  81   1

 148 255 224 170
 149 255 211 140
 150 252 186 100
 151 249 160  58
 152 247 146  30
 153 208 135  22
 154 176 114  13

1485 254 200 128
1495 252 186 100
1505 250 170  83
Oran 247 146  56
1525 219 110  27
1535 165  99  12
1545  79  40   1

 155 255 233 192
 156 254 212 154
 157 251 171  84
 158 245 129  42
 159 224 111  31
 160 174  92  16
 161 109  60   1

1555 255 212 170
1565 251 181 129
1575 250 162  90
1585 247 138  56
1595 232 123  30
1605 182 101  20
1615 155  86   8

 162 255 227 205
 163 251 187 139
 164 248 154  82
 165 248 130  32
 166 245 121  33
 167 206 110  24
 168 125  68   1

1625 251 188 153
1635 248 173 134
1645 248 156 109
1655 245 122  55
1665 244 113  33
1675 179  84  20
1685 155  71   9

 169 252 213 196
 170 248 173 134
 171 248 149  92
 172 245 120  62
 173 229 107  30
 174 164  76  13
 175 114  56   6

 176 251 203 199
 177 247 157 133
 178 244 132 108
Warm 240  89  42
 179 241  94  43
 180 218  90  55
 181 147  61  34

1765 246 166 165
1775 244 150 148
1785 243 114 109
1785 241  73  47
1795 238  53  35
1805 190  48  26
1815 139  29   4

1767 249 197 199
1777 245 133 131
1787 243 100  94
R032 239  61  51
1797 223  49  40
1807 177  44  27
1817  92  31   2

 182 250 197 205
 183 246 151 159
 184 243 108 115
 185 238  62  65
 186 224  59  63
 187 191  47  56
 188 146  53  46

 189 248 176 188
 190 246 139 155
 191 242 101 120
 192 239  50  80
 193 215  54  72
 194 171  39  63
 195 129  49  48

1895 249 191 205
1905 246 166 191
1915 241 109 148
1925 239  49  93
1935 223  20  76
1945 200  12  70
1955 177  50  77

 196 249 197 209
 197 246 159 178
 198 241  94 123
 199 237  25  76
 200 207  17  65
 201 168   5  50
 202 145   0  41

 203 248 185 212
 204 242 134 183
 205 239 100 157
 206 236  17  97
 207 199   7  82
 208 163  34  75
 209 139  41  66

 210 246 166 191
 211 243 142 176
 212 242 110 160
 213 238  12 110
 214 218  10  98
 215 183  32  85
 216 147  44  73

 217 247 191 216
 218 242 125 177
 219 238  71 153
Rubi 237   0 118
 220 199   0 101
 221 170   0  86
 222 123   1  62

 223 244 152 193
 224 241 116 172
 225 239  83 157
 226 237   0 140
 227 188   0 113
 228 152  13  94
 229 115  18  61

 230 248 185 212
 231 242 125 178
 232 239  94 163
Rhod 221   0 136
 233 213  12 140
 234 167   0 106
 235 145   0  91

 236 229 172 205
 237 227 122 179
 238 221  98 165
 239 201  50 147
 240 185  49 147
 241 173  44 137
 242 128   5  85

2365 246 190 215
2375 216 129 180
2385 202  80 157
2395 173  52 147
2405 158  53 148
2415 143  54 148
2425 136  34 133

 243 232 187 216
 244 226 170 207
 245 208 128 181
 246 180  60 150
 247 166  52 148
 248 137  43 129
 249 112  34  96

 250 234 211 231
 251 210 157 199
 252 190 131 185
Purp 156  61 151
 253 150  61 151
 254 143  54 148
 255 103  35 108

 256 227 199 224
 257 211 166 205
 258 153  89 163
 259 106  32 127
 260  94  15 106
 261  89   1  88
 262  80   0  69

2562 191 168 210
2572 169 134 190
2582 145 108 175
2592 111  56 150
2602 108  43 145
2612  86  39 133
2622  82  38 117

2563 177 149 198
2573 145 108 175
2583 127  69 153
2593  96  44 145
2603  89  42 138
2613  85  38 132
2623  76  24 109

2567 160 145 200
2577 125 113 179
2587 100  83 163
2597  78  46 145
2607  72  41 135
2617  69  39 129
2627  69  31 118

 263 221 212 233
 264 183 172 214
 265 124 119 183
 266  57  58 150
 267  57  58 150
 268  53  41 123
 269  43  21  93

2635 174 176 217
2645 148 151 204
2655 122 126 189
2665  83  86 165
Viol  55  62 153
2685  41  57 152
2695  23  31 106

 270 174 182 221
 271 146 156 207
 272 111 129 191
 273  38  54 141
 274  28  39 118
 275  23  31 106
 276  37  28  93

2705 146 156 207
2715 111 129 191
2725  78  96 172
2735  41  57 152
2745  41  57 152
2755  35  49 137
2765  26  34 109

2706 202 212 237
2716 137 154 206
2726  57 107 180
2736  46  73 160
2746  28  68 156
2756  24  59 141
2766  16  43 114

2707 180 205 235
2717 155 176 219
2727   1 115 188
2737   2  79 161
2747   0  73 152
2757   0  59 129
2767   1  33  90

2708 162 205 240
2718  76 129 195
2728   0  91 170
2738   2  79 161
2748   0  68 141
2758   1  52 115
2768   0  29  89

 277 181 211 239
 278 153 191 230
 279  78 144 205
Refl   1  79 161
 280   0  72 144
 281   1  57 118
 282   0  39  94

 283 163 207 242
 284 106 173 226
 285   1 124 194
 286   0  96 170
 287   0  82 156
 288   0  70 132
 289   0  50  99

 290 180 216 242
 291 127 190 233
 292  53 151 212
 293   1 107 183
 294   0  89 155
 295   0  75 133
 296   1  46  87

2905 136 201 239
2915  57 181 233
2925   1 150 216
2935   1 117 192
2945   0 111 175
2955   0  87 141
2965   0  52  91

 297 107 206 248
 298   1 176 233
 299   1 156 220
 300   1 122 195
 301   0 102 166
 302   0  89 131
 303   1  68  95

2975 161 220 250
2985   0 191 243
2995   0 162 229
3005   0 129 195
3015   0 123 182
3025   0 104 143
3035   0  83 109

 304 171 223 236
 305  92 201 232
 306   0 187 230
Proc  10 154 204
 307   0 120 170
 308   0 104 143
 309   1  78  96

 310 136 212 228
 311  53 194 222
 312   0 172 212
 313   1 147 194
 314   0 127 162
 315   0 108 136
 316   0  77  85

3105 138 212 225
3115  61 194 211
3125   0 181 200
3135   0 164 201
3145   0 147 175
3155   0 130 146
3165   0 112 124

 317 206 235 233
 318 155 216 217
 319 117 204 211
 320   0 162 177
 321   1 139 152
 322   0 129 135
 323   2 107 110

 324 182 226 227
 325  92 196 195
 326   0 173 169
 327   0 149 143
 328   0 128 123
 329   0 107 101
 330   0  89  85

3242 155 215 213
3252 121 204 196
3262  30 187 176
3272   0 169 162
3282   0 157 150
3292   0 111 102
3302   0  76  64

3245 167 218 213
3255 134 207 190
3265  60 189 167
3275   1 174 155
3285   1 168 148
3295   2 145 127
3305   0 101  83

3248 144 211 204
3258  94 196 183
3268   0 178 156
3278   0 168 143
3288   2 145 127
3298   0 117  99
3308   0  72  58

 331 207 233 220
 332 194 228 214
 333 157 214 197
Gree   0 168 133
 334   1 156 125
 335   0 129 101
 336   0 106  84

 337 176 221 214
 338 121 203 189
 339   0 174 141
 340   0 148 112
 341   1 126  96
 342   2 110  84
 343   1  89  65

3375 167 217 206
3385 145 209 193
3395 112 197 168
3405   0 177 133
3415   0 147 103
3425   0 119  81
3435   1  88  54

 344 186 225 206
 345 159 214 185
 346  98 195 154
 347   1 155 103
 348   0 131  87
 349   0 105  64
 350   1  69  28

 351 215 238 222
 352 195 227 204
 353 159 214 185
 354   0 171 103
 355   0 157  86
 356   1 130  73
 357   1  99  48

 358 189 222 177
 359 162 211 155
 360 109 191 106
 361  47 180  87
 362  43 163  66
 363  36 146  60
 364  35 119  42

 365 229 238 193
 366 212 229 159
 367 184 217 138
 368  99 188  72
 369  91 173  65
 370  84 148  51
 371  72 106  22

 372 235 240 186
 373 221 233 161
 374 201 224 136
 375 156 204 102
 376 125 194  67
 377 125 164  47
 378  87 108  17

 379 240 236 136
 380 233 231 108
 381 218 225  60
 382 190 215  61
 383 183 189  29
 384 166 168  22
 385 138 131  27

 386 244 240 141
 387 232 232  98
 388 234 233  91
 389 217 226  83
 390 204 212  31
 391 177 177  17
 392 148 143   0

 393 245 239 151
 394 245 236  95
 395 240 234  76
 396 235 232  43
 397 211 208  19
 398 194 188   6
 399 164 153   1

3935 255 245 114
3945 247 236  48
3955 247 235   1
3965 241 233   2
3975 207 193   0
3985 165 154   0
3995 121 114   0

 400 219 208 206
 401 203 191 175
 402 180 171 156
 403 162 153 136
 404 137 125 109
 405  97  85  63
 BLK  32  21   1

 406 212 202 193
 407 194 183 177
 408 180 163 156
 409 153 135 125
 410 135 115 104
 411  89  66  48
 412  31   6   1

 413 213 213 203
 414 188 188 178
 415 161 161 149
 416 146 147 133
 417 112 111  93
 418  92  89  70
 419   2  23  16

 420 220 221 223
 421 194 195 197
 422 180 181 185
 423 154 155 159
 424 120 121 125
 425  90  91  93
 426  36  32  33

 427 229 229 231
 428 202 203 205
 429 168 177 184
 430 142 151 158
 431 104 114 123
 432  65  83  93
 433  22  44  57

 434 236 226 224
 435 224 211 205
 436 196 186 177
 437 166 152 141
 438 104  96  83
 439  74  83  66
 440  67  82  63

 441 212 221 216
 442 188 197 192
 443 164 174 173
 444 139 149 148
 445  93 105 103
 446  79  85  81
 447  67  75  62

 WG1 240 240 240
 WG2 228 215 209
 WG3 212 201 199
 WG4 194 184 182
 WG5 180 170 168
 WG6 187 174 166
 WG7 172 163 154

 WG8 162 149 140
 WG9 153 135 125
WG10 136 119 101
WG11 129 113  90

 CG1 240 240 240
 CG2 229 229 231
 CG3 213 214 216
 CG4 194 195 197
 CG5 180 181 185
 CG6 172 173 177
 CG7 154 155 159

 CG8 136 137 141
 CG9 120 121 125
CG10 105 106 108
CG11  90  91  93

 448  74  90  64
 449  91  95  62
 450  96 100  67
 451 176 172 137
 452 198 193 163
 453 216 213 194
 454 232 229 214

4485 106  81   1
4495 154 127  24
4505 172 146  61
4515 205 185 126
4525 215 198 146
4535 232 225 179
4545 242 238 211

 455 119  96   0
 456 160 132   0
 457 188 152   4
 458 230 212 104
 459 243 227 149
 460 241 228 173
 461 241 229 179

 462  92  91  61
 463 132 103  59
 464 154 107  55
 465 210 174 126
 466 226 193 152
 467 233 211 170
 468 239 225 198

4625  79  34   1
4635 150  93  16
4645 184 133  68
4655 213 170 128
4665 226 191 159
4675 239 214 192
4685 241 224 204

 469 125  72   2
 470 175  97  25
 471 206 115  24
 472 251 181 129
 473 253 202 159
 474 254 220 192
 475 255 227 205

4695 100  29   1
4705 149  76  44
4715 176 124 102
4725 192 145 127
4735 218 176 160
4745 226 193 178
4755 238 216 205

 476  95  76  61
 477 110  70  58
 478 118  70  56
 479 183 147 131
 480 217 184 169
 481 230 206 196
 482 237 222 215

 483 122  45  25
 484 178  52  40
 485 236  27  46
 486 247 157 133
 487 250 183 167
 488 250 195 188
 489 254 221 212

 490 106  47  29
 491 139  59  50
 492 164  66  57
 493 232 140 151
 494 250 185 193
 495 251 205 208
 496 252 222 222

 497  95  51  26
 498 142  84  62
 499 149  83  59
 500 222 157 161
 501 249 197 199
 502 252 216 220
 503 253 229 227

4975  87  27   0
4985 148  78  68
4995 176 112 102
5005 198 141 134
5015 226 176 175
5025 233 197 197
5035 237 216 213

 504  99  61  58
 505 116  66  67
 506 131  66  74
 507 214 143 159
 508 232 171 186
 509 248 191 200
 510 251 206 213

 511  92  50  86
 512 132  64 125
 513 149  69 154
 514 210 144 190
 515 226 170 207
 516 249 200 222
 517 251 217 234

5115  82  52  76
5125 100  71 102
5135 142 107 140
5145 179 148 180
5155 205 177 199
5165 220 196 212
5175 230 215 222

 518  80  60  85
 519 103  58 113
 520 114  56 130
 521 184 137 189
 522 203 165 206
 523 227 199 224
 524 234 217 235

5185  55  54  59
5195  64  61  68
5205 116 104 116
5215 154 142 154
5225 180 163 173
5235 222 205 213
5245 229 220 225

 525  65  52  95
 526  94  57 137
 527  93  56 151
 528 152 124 183
 529 183 151 198
 530 204 178 215
 531 220 206 229

5255  20   0  59
5265  44  47 100
5275  59  76 128
5285 107 120 162
5295 156 164 200
5305 186 190 215
5315 222 220 231

 532  42  74  85
 533  27  80 114
 534  51  89 138
 535 148 162 201
 536 175 191 216
 537 194 201 220
 538 213 220 228

 539   1  43  85
 540   0  70 122
 541   2  82 141
 542   7 144 199
 543  97 170 215
 544 151 201 236
 545 171 212 242

5395   1  45  80
5405   0  93 126
5415  63 119 152
5425 110 152 174
5435 155 181 194
5445 186 204 214
5455 218 229 235

 546   2  47  76
 547   0  53  85
 548   2  72 108
 549  51 149 184
 550 107 172 200
 551 149 195 218
 552 197 219 233

5463   2  62  73
5473   1 100 105
5483  43 140 147
5493 112 171 177
5503 147 188 192
5513 193 221 225
5523 211 227 227

5467   1  35  36
5477  23  83  81
5487  82 118 118
5497 140 160 161
5507 165 179 180
5517 194 206 204
5527 212 221 216

 553  22  76  62
 554   1  86  67
 555   0  99  81
 556 110 162 150
 557 160 195 189
 558 189 215 204
 559 210 227 221

5535   0  64  37
5545  51 115  91
5555  98 145 129
5565 135 171 159
5575 175 196 187
5585 201 217 206
5595 219 227 216

 560   0  73  54
 561  10 121 105
 562   1 138 122
 563 136 198 185
 564 167 218 213
 565 208 235 230
 566 224 241 233

5605   0  44  27
5615  48  90  70
5625 102 129 114
5635 140 160 149
5645 173 185 173
5655 200 207 199
5665 212 221 216

 567   6  90  74
 568   2 123 104
 569   0 148 126
 570 134 207 190
 571 176 221 214
 572 193 228 222
 573 224 241 233

 574  72  95  41
 575  74 116  44
 576  80 135  54
 577 180 202 138
 578 199 217 159
 579 212 231 186
 580 226 240 207

5743  48  69  30
5753  87 103  41
5763 113 123  52
5773 160 162 115
5783 184 188 155
5793 201 206 176
5803 222 219 200

5747  57  75   1
5757 108 126  40
5767 150 157  87
5777 179 183 124
5787 216 219 174
5797 221 225 192
5807 236 233 214

 581 113 106   0
 582 146 147   9
 583 170 189  37
 584 218 218  84
 585 231 233 124
 586 239 239 153
 587 244 242 167

5815  92  86   0
5825 131 123  24
5835 175 167  84
5845 192 184 121
5855 217 210 164
5865 223 219 182
5875 236 231 201

 600 255 253 230
 601 255 250 194
 602 255 246 151
 603 255 245 114
 604 254 243  55
 605 247 228   2
 606 242 222   1

 607 255 253 230
 608 255 250 194
 609 244 233 143
 610 241 227 105
 611 235 217  23
 612 220 203   1
 613 192 180   0

 614 242 238 211
 615 242 236 188
 616 239 230 173
 617 217 209 136
 618 184 173  31
 619 157 147   0
 620 137 123   0

 621 215 236 227
 622 186 225 206
 623 154 201 191
 624 114 173 151
 625  78 144 116
 626   0  82  60
 627   0  50  41

 628 214 238 238
 629 174 222 232
 630 138 212 225
 631  90 191 211
 632   0 168 194
 633   0 140 167
 634   0 107 139

 635 205 234 238
 636 162 220 231
 637 126 207 224
 638   0 190 226
 639   0 182 221
 640   0 164 215
 641   0 136 186

 642 191 223 238
 643 169 214 237
 644 137 181 216
 645  84 156 196
 646  44 135 180
 647   2  83 136
 648   0  66 118

 649 206 222 245
 650 172 203 234
 651 133 172 213
 652  84 135 190
 653   1  86 153
 654   0  60 120
 655   2  42  94

 656 205 223 245
 657 180 205 235
 658 133 171 218
 659  80 138 201
 660   6 104 179
 661   1  83 159
 662   1  70 147

 663 221 224 241
 664 211 216 236
 665 192 197 229
 666 157 159 200
 667 109 118 173
 668  75  76 133
 669  51  43 102

 670 252 231 240
 671 251 217 234
 672 248 185 212
 673 230 155 196
 674 221 120 176
 675 202  59 149
 676 190   0 122

 677 252 231 240
 678 234 211 231
 679 233 193 220
 680 216 159 200
 681 193 124 181
 682 174  87 155
 683 138  15  95

 684 238 217 226
 685 234 186 208
 686 234 180 204
 687 219 144 177
 688 192 117 158
 689 146  61 118
 690 102   9  66

 691 253 223 223
 692 251 206 213
 693 232 181 190
 694 227 152 159
 695 186 102 117
 696 153  41  55
 697 137  42  46

 698 252 222 222
 699 250 193 202
 700 250 185 193
 701 244 141 160
 702 222 106 119
 703 203  69  70
 704 183  53  53

 705 253 229 227
 706 252 222 222
 707 250 191 197
 708 245 157 169
 709 242 115 124
 710 239  61  73
 711 223  58  62

 712 255 238 210
 713 254 225 181
 714 254 212 154
 715 252 192 120
 716 251 170  79
 717 234 138  28
 718 232 128  29

 719 255 232 198
 720 255 225 187
 721 255 211 150
 722 218 155  60
 723 210 144  34
 724 157  92   8
 725 133  77   2

 726 241 224 198
 727 239 207 169
 728 228 191 139
 729 212 163 107
 730 185 132  62
 731 125  73   0
 732  93  51   1
