100  244 237 124
101  244 237 71
102  249 232 20
103  198 173 15
104  173 155 12
105  130 117 15
106  247 232 89
107  249 229 38
108  249 221 22
109  249 214 22
110  216 181 17
111  170 147 10
112  153 132 10
113  249 229 91
114  249 226 76
115  249 224 76
116  252 209 22
117  198 160 12
118  170 142 10
119  137 119 25
120  249 226 127
121  249 224 112
122  252 216 86
123  255 198 30
124  224 170 15
125  181 140 10
126  163 130 5
127  244 226 135
128  244 219 96
129  242 209 61
130  234 175 15
131  198 147 10
132  158 124 10
133  112 91 10
134  255 216 127
135  252 201 99
136  252 191 73
137  252 163 17
138  216 140 2
139  175 117 5
140  122 91 17
141  242 206 104
142  242 191 73
143  239 178 45
144  226 140 5
145  198 127 7
146  158 107 5
147  114 94 38
148  255 214 155
149  252 204 147
150  252 173 86
151  247 127 0
152  221 117 0
153  188 109 10
154  153 89 5
155  244 219 170
156  242 198 140
157  237 160 79
158  232 117 17
159  198 96 5
160  158 84 10
161  99 58 17
162  249 198 170
163  252 158 112
164  252 127 63
165  249 99 2
166  221 89 0
167  188 79 7
168  109 48 17
169  249 186 170
170  249 137 114
171  249 96 58
172  247 73 2
173  209 68 20
174  147 51 17
175  109 51 33
176  249 175 173
177  249 130 127
178  249 94 89
179  226 61 40
180  193 56 40
181  124 45 35
182  249 191 193
183  252 140 153
184  252 94 114
185  232 17 45
186  206 17 38
187  175 30 45
188  124 33 40
189  255 163 178
190  252 117 142
191  244 71 107
192  229 5 58
193  219 130 140
194  153 33 53
196  244 201 201
197  239 153 163
198  119 45 53
199  216 28 63
200  196 30 58
201  163 38 56
202  140 38 51
203  242 175 193
204  237 122 158
205  229 76 124
206  211 5 71
207  186 170 158
208  142 35 68
209  117 38 61
210  255 160 191
211  255 119 168
212  249 79 142
213  234 15 107
214  204 2 86
215  165 5 68
216  124 30 63
217  244 191 209
218  237 114 170
219  226 40 130
220  170 0 79
221  147 0 66
222  112 25 61
223  249 147 196
224  244 107 175
225  237 40 147
226  214 2 112
227  173 0 91
228  140 0 76
229  109 33 63
230  255 160 204
231  252 112 186
232  244 63 165
233  206 0 124
234  170 0 102
235  142 5 84
236  249 175 211
237  244 132 196
238  237 79 175
239  224 33 158
240  196 15 137
241  173 0 117
242  124 28 81
243  242 186 216
244  237 160 211
245  232 127 201
246  204 0 160
247  183 0 142
248  163 5 127
249  127 40 96
250  237 196 221
251  226 158 214
252  211 107 198
253  175 35 165
254  160 45 150
255  119 45 107
256  229 196 214
257  211 165 201
258  155 79 150
259  114 22 107
260  104 30 91
261  94 33 84
262  84 35 68
263  224 206 224
264  198 170 219
265  150 99 196
266  109 40 170
267  89 17 142
268  79 33 112
269  68 35 89
270  186 175 211
271  158 145 198
272  137 119 186
273  56 25 122
274  43 17 102
275  38 15 84
276  43 33 71
277  181 209 232
278  153 186 221
279  102 137 204
280  0 43 127
281  0 40 104
282  0 38 84
283  155 196 226
284  117 170 219
285  58 117 196
286  0 56 168
287  0 56 147
288  0 51 127
289  0 38 73
290  196 216 226
291  168 206 226
292  117 178 221
293  0 81 186
294  0 63 135
295  0 56 107
296  0 45 71
297  130 198 226
298  81 181 224
299  0 163 221
300  0 114 198
301  0 91 153
302  0 79 109
303  0 63 84
304  165 221 226
305  112 206 226
306  0 188 226
307  0 122 165
308  0 96 124
309  0 63 73
310  114 209 221
311  40 196 216
312  0 173 198
313  0 153 181
314  0 130 155
315  0 107 119
316  0 73 79
317  201 232 221
318  147 221 219
319  76 206 209
320  0 158 160
321  0 135 137
322  0 114 114
323  0 102 99
324  170 221 214
325  86 201 193
326  0 178 170
327  0 140 130
328  0 119 112
329  0 109 102
330  0 89 81
331  186 234 214
332  160 229 206
333  94 221 193
334  0 153 124
335  0 124 102
336  0 104 84
337  155 219 193
338  122 209 181
339  0 178 140
340  0 153 119
341  0 122 94
342  0 107 84
343  0 86 63
344  181 226 191
345  150 216 175
346  112 206 155
347  0 158 96
348  0 135 81
349  0 107 63
350  35 79 51
351  181 232 191
352  153 229 178
353  132 226 168
354  0 183 96
355  0 158 73
356  0 122 61
357  33 91 51
358  170 221 150
359  160 219 142
360  96 198 89
361  30 181 58
362  51 158 53
363  61 142 51
364  58 119 40
365  211 232 163
366  196 229 142
367  170 221 109
368  91 191 33
369  86 170 28
370  86 142 20
371  86 107 33
372  216 237 150
373  206 234 130
374  186 232 96
375  140 214 0
376  127 186 0
377  112 147 2
378  86 99 20
379  224 234 104
380  214 229 66
381  204 226 38
382  186 216 10
383  163 175 7
384  147 153 5
385  112 112 20
386  232 237 96
387  224 237 68
388  214 232 15
389  206 224 7
390  186 196 5
391  158 158 7
392  132 130 5
393  242 239 135
394  234 237 53
395  229 232 17
396  224 226 12
397  193 191 10
398  175 168 10
399  153 142 7
400  209 198 181
401  193 181 165
402  175 165 147
403  153 140 124
404  130 117 102
405  107 94 79
406  206 193 181
408  168 153 140
409  153 137 124
410  124 109 99
411  102 89 76
412  61 48 40
413  198 193 178
414  181 175 160
415  163 158 140
416  142 140 122
417  119 114 99
418  96 94 79
419  40 40 33
420  209 204 191
421  191 186 175
422  175 170 163
423  150 147 142
424  130 127 119
425  96 96 91
426  43 43 40
427  221 219 209
428  209 206 198
429  173 175 170
430  145 150 147
431  102 109 112
432  68 79 81
433  48 56 58
434  224 209 198
435  211 191 183
436  188 165 158
437  140 112 107
438  89 63 61
439  73 53 51
440  63 48 43
441  209 209 198
442  186 191 183
443  163 168 163
444  137 142 140
445  86 89 89
446  73 76 73
447  63 63 56
448  84 71 45
449  84 71 38
450  96 84 43
451  173 160 122
452  196 183 150
453  214 204 175
454  226 216 191
455  102 86 20
456  153 135 20
457  181 155 12
458  221 204 107
459  226 214 124
460  234 221 150
461  237 229 173
462  91 71 35
463  117 84 38
464  135 96 40
465  193 168 117
466  209 191 145
467  221 204 165
468  226 214 181
469  96 51 17
470  155 79 25
471  188 94 30
472  234 170 122
473  244 196 160
474  244 204 170
475  247 211 181
476  89 61 43
477  99 56 38
478  122 63 40
479  175 137 112
480  211 183 163
481  224 204 186
482  229 211 193
483  107 48 33
484  155 48 28
485  216 30 5
486  237 158 132
487  239 181 160
488  242 196 175
489  242 209 191
490  91 38 38
491  117 40 40
492  145 51 56
494  242 173 178
495  244 188 191
496  247 201 198
497  81 40 38
498  109 51 43
499  122 56 45
500  206 137 140
501  234 178 178
502  242 198 196
503  244 209 204
504  81 30 38
505  102 30 43
506  122 38 56
507  216 137 155
508  232 165 175
509  242 186 191
510  244 198 201
511  96 33 68
512  132 33 107
513  158 35 135
514  216 132 188
515  232 163 201
516  242 186 211
517  244 204 216
518  81 45 68
519  99 48 94
520  112 53 114
521  181 140 178
522  198 163 193
523  211 183 204
524  226 204 211
525  81 38 84
526  104 33 122
527  122 30 153
528  175 114 193
529  206 163 211
530  214 175 214
531  229 198 219
532  53 56 66
533  53 63 91
534  58 73 114
535  155 163 183
536  173 178 193
537  196 198 206
538  214 211 214
539  0 48 73
540  0 51 91
541  0 63 119
542  102 147 188
543  147 183 209
544  183 204 219
545  196 211 221
546  12 56 68
547  0 63 84
548  0 68 89
549  94 153 170
550  135 175 191
551  163 193 201
552  196 214 214
553  35 68 53
554  25 94 71
555  7 109 84
556  122 168 145
557  163 193 173
558  183 206 188
559  198 214 196
560  43 76 63
561  38 102 89
562  30 122 109
563  127 188 170
564  5 112 94
565  188 219 204
566  209 226 211
567  38 81 66
569  0 135 114
570  127 198 178
571  170 219 198
572  188 226 206
573  204 229 214
574  73 89 40
575  84 119 48
576  96 142 58
577  181 204 142
578  198 214 160
579  201 214 163
580  216 221 181
581  96 94 17
582  135 137 5
583  170 186 10
584  206 214 73
585  219 224 107
586  226 229 132
587  232 232 155
600  244 237 175
601  242 237 158
602  242 234 135
603  237 232 91
604  232 221 33
605  221 206 17
606  211 191 17
607  242 234 188
608  239 232 173
609  234 229 150
610  226 219 114
611  214 206 73
612  196 186 0
613  175 160 12
614  234 226 183
615  226 219 170
616  221 214 155
617  204 196 124
618  181 170 89
619  150 140 40
620  132 119 17
621  216 221 206
622  193 209 191
623  165 191 170
624  127 160 140
625  91 135 114
626  33 84 63
627  12 48 38
628  204 226 221
629  178 216 216
630  140 204 211
631  84 183 198
632  0 160 186
633  0 127 153
634  0 102 127
635  186 224 224
636  153 214 221
637  107 201 219
638  0 181 214
639  0 160 196
640  0 140 178
641  0 122 165
642  209 216 216
643  198 209 214
644  155 175 196
645  119 150 178
646  94 130 163
647  38 84 124
648  0 48 94
649  214 214 216
650  191 198 209
651  155 170 191
652  109 135 168
653  51 86 135
654  15 43 91
655  12 28 71
656  214 219 224
657  193 201 221
658  165 175 214
659  127 140 191
660  89 96 168
661  45 51 142
662  12 25 117
663  226 211 214
664  216 204 209
665  198 181 196
666  168 147 173
667  127 102 137
668  102 73 117
669  71 43 89
670  242 214 216
671  239 198 211
672  234 170 196
673  224 140 178
674  211 107 158
675  188 56 119
676  160 0 84
677  237 214 214
678  234 204 206
679  229 191 198
680  211 158 175
681  183 114 142
682  160 81 117
683  127 40 79
684  239 204 206
685  234 191 196
686  224 170 186
687  201 137 158
688  178 102 132
689  147 66 102
690  112 35 66
691  239 209 201
692  232 191 186
693  219 168 165
694  201 140 140
695  178 107 112
696  142 71 73
697  127 56 58
698  247 209 204
699  247 191 191
700  242 165 170
701  232 135 142
702  214 96 109
703  183 56 68
704  158 40 40
705  249 221 214
706  252 201 198
707  252 173 175
708  249 142 153
709  242 104 119
710  224 66 81
711  209 45 51
712  255 211 170
713  249 201 163
714  249 186 130
715  252 158 73
716  242 132 17
717  211 109 0
718  191 91 0
719  244 209 175
720  239 196 158
721  232 178 130
722  209 142 84
723  186 117 48
724  142 73 5
725  117 56 2
726  237 211 181
727  226 191 155
728  211 168 124
729  193 142 96
730  170 117 63
731  114 63 10
732  96 51 10
801  0 170 204
802  96 221 73
803  255 237 56
804  255 147 56
805  249 89 81
806  255 0 147
807  214 0 158
808  0 181 155
809  221 224 15
810  255 204 30
811  255 114 71
812  252 35 102
813  229 0 153
814  140 96 193
1205  247 232 170
1215  249 224 140
1225  255 204 73
1235  252 181 20
1245  191 145 12
1255  163 127 20
1265  124 99 22
1345  255 214 145
1355  252 206 135
1365  252 186 94
1375  249 155 12
1385  204 122 2
1395  153 96 7
1405  107 71 20
1485  255 183 119
1495  255 153 63
1505  244 124 0
1525  181 84 0
1535  140 68 0
1545  76 40 15
1555  249 191 158
1565  252 165 119
1575  252 135 68
1585  249 107 7
1595  209 91 5
1605  160 79 17
1615  132 63 15
1625  249 165 140
1635  249 142 109
1645  249 114 66
1655  249 86 2
1665  221 79 5
1675  165 63 15
1685  132 53 17
1765  249 158 163
1767  249 178 183
1775  249 132 142
1777  252 102 117
1785  252 79 89
1787  244 63 79
1788  239 43 45
1795  214 40 40
1797  204 45 48
1805  175 38 38
1807  160 48 51
1810  124 33 30
1817  91 45 40
1895  252 191 201
1905  252 155 178
1915  244 84 124
1925  224 7 71
1935  193 5 56
1945  168 12 53
1955  147 22 56
2365  247 196 216
2375  234 107 191
2385  219 40 165
2395  196 0 140
2405  168 0 122
2415  155 0 112
2425  135 0 91
2562  216 168 216
2563  209 160 204
2567  191 147 204
2572  198 135 209
2573  186 124 188
2577  170 114 191
2582  170 71 186
2583  158 79 165
2587  142 71 173
2592  147 15 165
2593  135 43 147
2597  102 0 140
2602  130 12 142
2603  112 20 122
2607  91 2 122
2612  112 30 114
2613  102 17 109
2617  86 12 112
2622  96 45 89
2623  91 25 94
2627  76 20 94
2635  201 173 216
2645  181 145 209
2655  155 109 198
2665  137 79 191
2685  86 0 140
2695  68 35 94
2705  173 158 211
2706  209 206 221
2707  191 209 229
2708  175 188 219
2715  147 122 204
2716  165 160 214
2717  165 186 224
2718  91 119 204
2725  114 81 188
2726  102 86 188
2727  94 104 196
2728  48 68 181
2735  79 0 147
2736  73 48 173
2738  45 0 142
2745  63 0 119
2746  63 40 147
2747  28 20 107
2748  30 28 119
2755  53 0 109
2756  51 40 117
2757  20 22 84
2758  25 33 104
2765  43 12 86
2766  43 38 91
2767  20 33 61
2768  17 33 81
2905  147 198 224
2915  96 175 221
2925  0 142 214
2935  0 91 191
2945  0 84 160
2955  0 61 107
2965  0 51 76
2975  186 224 226
2985  81 191 226
2995  0 165 219
3005  0 132 201
3015  0 112 158
3025  0 84 107
3035  0 68 84
3105  127 214 219
3115  45 198 214
3125  0 183 198
3135  0 155 170
3145  0 132 142
3155  0 109 117
3165  0 86 91
3242  135 221 209
3245  140 224 209
3248  122 211 193
3252  86 214 201
3255  71 214 193
3258  53 196 175
3262  0 193 181
3265  0 198 178
3268  0 175 153
3272  0 170 158
3275  0 178 160
3278  0 155 132
3282  0 140 130
3285  0 153 135
3288  0 130 112
3292  0 96 86
3295  0 130 114
3298  0 107 91
3302  0 73 63
3305  0 79 66
3308  0 68 56
3375  142 226 188
3385  84 216 168
3395  0 201 147
3405  0 178 122
3415  0 124 89
3425  0 104 71
3435  2 73 48
3935  242 237 109
3945  239 234 7
3955  237 226 17
3965  232 221 17
3975  181 168 12
3985  153 140 10
3995  109 96 2
4485  96 76 17
4495  135 117 48
4505  160 145 81
4515  188 173 117
4525  204 191 142
4535  219 206 165
4545  229 219 186
4625  71 35 17
4635  140 89 51
4645  178 130 96
4655  196 153 119
4665  216 181 150
4675  229 198 170
4685  237 211 188
4695  81 38 28
4705  124 81 61
4715  153 112 91
4725  181 145 124
4735  204 175 155
4745  216 191 170
4755  226 204 186
4975  68 30 28
4985  132 73 73
4995  165 107 109
5005  188 135 135
5015  216 173 168
5025  226 188 183
5035  237 206 198
5115  79 33 58
5125  117 71 96
5135  147 107 127
5145  173 135 153
5155  204 175 183
5165  224 201 204
5175  232 214 209
5185  71 40 53
5195  89 51 68
5205  142 104 119
5215  181 147 155
5225  204 173 175
5235  221 198 196
5245  229 211 204
5255  53 38 79
5265  73 61 99
5275  96 86 119
5285  140 130 153
5295  178 168 181
5305  204 193 198
5315  219 211 211
5395  2 40 58
5405  63 96 117
5415  96 124 140
5425  132 153 165
5435  175 188 191
5445  196 204 204
5455  214 216 211
5463  0 53 58
5467  25 56 51
5473  38 104 109
5477  58 86 79
5483  96 145 145
5487  102 124 114
5493  140 175 173
5497  145 163 153
5503  170 196 191
5507  175 186 178
5513  206 216 209
5517  201 206 196
5523  214 221 214
5527  206 209 198
5535  33 61 48
5545  79 109 94
5555  119 145 130
5565  150 170 153
5575  175 191 173
5585  196 206 191
5595  216 219 204
5605  35 58 45
5615  84 104 86
5625  114 132 112
5635  158 170 153
5645  188 193 178
5655  198 204 186
5665  214 214 198
5743  63 73 38
5747  66 71 22
5753  94 102 58
5757  107 112 43
5763  119 124 79
5767  140 145 79
5773  155 158 114
5777  170 173 117
5783  181 181 142
5787  198 198 153
5793  198 198 165
5797  211 209 170
5803  216 214 183
5807  224 221 188
5815  73 68 17
5825  117 112 43
5835  158 153 89
5845  178 170 112
5855  204 198 147
5865  214 206 163
5875  224 219 181
